	Parameter	PROK1	WFDC2	KRT19	FR-alpha	ICOSLG	CDH3	MSMB	CLEC6A	TACSTD2	MUC-16	SPINT1		
	LLOQ	15.92029	395.26602	74600.71807	7.79496	62.41692	278.80868	323.21595	2.06011	3.86544	2346.83121	1347.89124		
	ULOQ	16883.06305	181210.6285	68900244.48	163421.4035	55648.31473	638185.7656	177291.4083	13291.04962	33922.31855	2288168.669	193069.9522		
	Unit	pg/ml	pg/ml	U/ml	pg/ml	pg/ml	pg/ml	pg/ml	pg/ml	pg/ml	mU/ml	pg/ml		
														
Sample-ID	Replicate	PROK1	WFDC2	KRT19	FR-alpha	ICOSLG	CDH3	MSMB	CLEC6A	TACSTD2	MUC-16	SPINT1	AgeAtDiag	Diagnosis
id_1	1	51.27954	2684.67462	814977.3242	978.62687	4962.66112	38555.25779	4923.13477	15.18093	160.80636	16652.85209	9610.23806	49	I
id_1	2	61.33529	2837.46526	896027.9581	1105.94503	5416.43019	39359.37085	4895.63176	14.14949	161.81711	17377.84122	8858.6119	49	I
id_2	1	24.85198	2330.02736	791045.9677	839.24954	5625.48669	30198.26938	4453.04688	12.05641	130.42806	30700.9644	5189.58506	71	benign
id_2	2	40.9726	2827.01105	1003158.814	1037.14645	7302.93771	34436.35092	5443.09544	15.06589	153.65555	43507.23046	7688.47074	71	benign
id_3	1	26.02276	2398.98013	1193382.307	1045.50094	5224.95801	20999.56857	5890.22654	7.07682	172.29628	28569.18683	8392.93694	72	benign
id_3	2	35.59731	2432.1447	1265864.024	1140.70163	5661.94366	24511.19094	7192.68384	8.02149	197.69744	34669.47673	11221.19105	72	benign
id_4	1	64.48318	17540.11449	20619803.29	3470.07213	4673.40098	46314.54069	6192.18559	13.7216	401.55326	> ULOQ	56751.64987	56	IV
id_4	2	69.7364	16819.42076	18572286.48	3369.12071	4424.60677	49723.35415	5950.36607	13.59799	419.70932	> ULOQ	45246.59459	56	IV
id_5	1	102.80136	47140.90177	1965477.203	33382.8401	11875.94962	70572.30654	4343.25094	28.6163	1803.12287	> ULOQ	> ULOQ	54	III
id_5	2	79.83258	42483.42992	1615710.129	27504.70457	11604.9569	53721.97484	3364.82865	22.56064	1515.34029	> ULOQ	> ULOQ	54	III
id_5	3	94.18155	37915.23216	1853959.071	22633.51957	10300.33512	46534.92542	3509.56321	21.72115	1448.46151	> ULOQ	> ULOQ	54	III
id_6	1	90.32942	5540.1668	1185962.833	1640.80483	6591.19377	129843.6527	17153.66119	15.45022	224.02742	754005.1627	14406.92712	53	benign
id_6	2	65.63985	4310.62828	978514.7221	1401.41632	5628.0177	98663.76533	15804.43205	12.80802	192.57681	495656.5547	15163.91956	53	benign
id_6	3	89.09893	4682.29355	1315183.347	1443.62412	5510.09228	97911.20817	17633.86457	13.56697	205.63601	613458.4253	12229.41085	53	benign
id_7	1	79.59768	75819.52313	8450055.993	7770.60093	7620.47586	65586.62627	12447.48636	28.47701	326.40259	> ULOQ	41394.42181	71	IV
id_7	2	63.36228	59293.0621	6613045.21	6155.93616	6454.83415	46096.21141	10087.92594	20.74313	243.8322	2056940.518	35066.64008	71	IV
id_7	3	69.9156	58225.43378	7775012.459	5554.02647	5887.00503	43171.67994	9508.28113	19.90986	259.99285	2078717.498	30359.14848	71	IV
id_8	1	113.27863	2120.49825	1770297.365	1098.94229	6403.84509	132096.1195	10360.96766	14.64598	221.31596	19386.12039	15550.20743	29	borderline
id_8	2	127.25312	2419.44698	1645030.951	1055.91055	6374.46621	117053.4174	8973.43793	14.4717	225.4256	18133.58241	13833.23645	29	borderline
id_9	1	78.35721	6084.73006	2043124.902	863.2673	6777.88049	54269.35	6013.78771	18.2696	128.4594	312233.2904	16184.31174	50	borderline
id_9	2	77.03002	4863.23327	1715630.232	870.50577	6296.9063	45461.02549	4760.60835	16.39095	115.67098	300031.1915	13816.30661	50	borderline
id_10	1	56.75876	2810.26024	777240.2758	899.81027	6380.36675	29695.34585	1843.79098	10.66861	189.81164	3888.35838	11311.29051	65	I
id_10	2	63.34382	2575.3837	742742.3244	922.61744	5568.36974	27375.13922	1562.06909	9.21699	194.88133	4039.30934	9338.55418	65	I
id_11	1	147.46448	2482.5562	791172.0851	1106.999	5912.59083	55309.16801	4647.24313	17.16221	215.13245	49593.42922	14084.1892	40	benign
id_11	2	119.46189	2216.83891	717732.3892	922.58013	5406.72776	42895.00949	3536.05064	16.20969	202.82498	37999.75495	12422.49727	40	benign
id_11	3	129.26276	1897.84563	921030.411	872.83264	5005.59962	38223.46046	3753.5701	14.13808	193.59858	37872.1663	9824.68718	40	benign
id_12	1	95.53552	3511.81611	961724.0083	1033.08261	4845.23884	34989.19516	6236.71442	17.64168	187.63285	36086.39201	10487.3904	50	benign
id_12	2	105.24137	3480.58152	1129210.057	1090.16521	5583.12795	35129.40308	5727.87904	22.02522	213.19369	35903.712	10690.23811	50	benign
id_13	1	73.38744	40463.57981	3522811.234	9948.83083	6575.6233	59588.08339	4534.50191	19.15567	257.04568	257186.7472	34001.21478	65	IV
id_13	2	55.17704	32979.92786	3009949.463	7728.4931	5393.99787	42371.37586	3629.26046	14.23306	205.83613	203178.7213	26907.18357	65	IV
id_13	3	61.64288	27358.64648	3222110.14	6562.0332	4543.59116	35938.06088	3610.00541	13.67522	187.73797	182493.8072	23720.967	65	IV
id_14	1	65.32383	109463.4625	14036990.63	9574.57004	8064.61469	61057.29398	13527.36012	27.06243	326.14499	1438031.95	19459.22808	83	IV
id_14	2	76.78135	101851.2107	14834296.56	11358.52472	8518.33186	64565.95279	13235.09564	28.59141	343.02194	1769591.235	21847.36215	83	IV
id_15	1	190.41088	1949.4431	2620969.603	820.69686	6821.56067	58121.84693	4131.53232	14.35027	183.69322	180946.0737	13484.64741	29	borderline
id_15	2	186.04538	1817.56233	2564872.446	785.43844	6917.84456	47461.82919	4343.11008	12.35037	173.70686	174984.2462	11302.00329	29	borderline
id_16	1	97.80017	1749.94369	1104508.634	792.63332	5873.03941	35942.05549	3744.54247	33.88747	179.56218	18643.60263	12320.03429	38	borderline
id_16	2	97.12286	1770.76863	1036379.606	783.43167	6081.0778	32534.69061	3291.79957	32.1868	198.87733	17795.29268	10602.79784	38	borderline
id_17	1	105.40604	3679.93309	2406265.923	863.33704	5415.33585	52888.77571	1636.56234	16.75936	156.27555	97277.12731	16311.94486	37	benign
id_17	2	112.90225	4028.32883	2157580.064	894.16235	5123.19035	48250.18891	1374.61448	16.0331	168.3677	99133.23257	14301.76245	37	benign
id_18	1	130.59841	2133.41899	2883718.944	905.98147	6243.39317	54584.91493	990.78588	27.56271	168.8866	73239.08819	13827.59056	27	IV
id_18	2	121.99767	1888.89644	2329935.302	844.11361	5512.9665	41914.70742	691.0224	20.88121	154.2268	67329.7226	12230.05335	27	IV
id_19	1	82.67874	3039.2123	1211909.125	1002.93211	5593.37732	46905.87252	10426.14646	8.00293	151.50965	43391.54413	10017.7643	67	borderline
id_19	2	102.08082	3900.66392	1342265.207	1155.69279	6371.47134	50894.76845	11724.01124	10.00739	181.8215	50940.25092	9979.95015	67	borderline
id_20	1	57.08189	1861.17849	638744.622	971.52528	4910.67587	36679.41037	9283.12903	13.5585	111.91844	7722.90446	10546.28946	43	benign
id_20	2	70.73976	2092.53384	843089.193	987.32413	7235.18043	34773.63292	11639.70964	16.11547	123.58683	9121.63014	12715.1182	43	benign
id_21	1	85.47842	128695.015	21692851.76	4263.0175	4697.59734	131125.6904	2282.0296	26.29554	1082.29127	> ULOQ	149974.4577	48	III
id_21	2	99.94671	132642.4782	26557159	5449.6913	5478.18644	151555.6687	2401.84561	26.91558	1226.19632	> ULOQ	135806.838	48	III
id_22	1	82.17875	2802.09177	883196.0623	941.55866	6430.34768	24106.58367	4300.42844	9.55937	141.82394	25626.39708	11068.22078	69	benign
id_22	2	94.00393	3255.2345	938197.0092	1097.0653	6649.61156	25351.85708	4481.10871	9.40097	156.24108	27222.02493	9460.17665	69	benign
id_23	1	110.11286	5917.49381	3080805.02	1511.49908	7252.75818	81375.93412	11693.88141	32.62565	194.12697	23938.24262	17341.87383	65	benign
id_23	2	122.78187	5501.07247	3783314.278	1546.5103	9272.12688	71988.35846	14186.4398	35.25857	202.96556	22878.2645	18270.69107	65	benign
id_24	1	43.3297	35733.35147	9823186.569	2455.59269	4673.86888	38527.08597	5382.43357	21.84357	242.48568	1976306.294	40187.18006	69	IV
id_24	2	45.09102	36877.26481	9603318.321	2392.5408	4508.86605	39358.60329	5271.10905	20.32597	256.53387	> ULOQ	39546.43191	69	IV
id_25	1	284.55479	1837.15591	729920.8324	860.28932	6084.41086	51002.20952	6433.05484	16.51196	171.55169	26569.30301	15113.11136	35	benign
id_25	2	247.39979	1589.37538	571055.2219	722.28471	5085.88387	38900.66468	5690.00599	11.81945	160.04219	23407.00167	11794.46436	35	benign
id_26	1	74.39523	3215.81113	1001435.479	1182.27621	6991.28013	35206.87731	6626.69395	20.95235	189.70417	23173.52286	19493.03714	70	benign
id_26	2	70.60849	3354.70208	955974.8498	1209.62902	5679.15556	34716.91746	5438.86432	19.44018	189.44382	19314.59309	15789.27078	70	benign
id_27	1	53.98654	84571.31895	12126068.32	18062.30812	6084.05881	86800.84132	4889.78998	26.27703	321.87598	672910.3352	16387.24147	75	IV
id_27	2	52.75768	110101.2691	12185233.01	18498.21737	6125.88899	85434.13256	4554.94665	28.48246	332.42464	679189.5924	20096.7572	75	IV
id_28	1	37.82401	4714.22414	1347786.02	1805.97359	6706.62212	62021.78188	7390.42433	16.05056	122.27806	33974.2083	13463.83034	75	benign
id_28	2	43.88873	4656.87417	1422859.109	2003.2839	6509.3351	64679.81074	6966.64481	16.0384	122.07246	38518.25632	13160.38901	75	benign
id_29	1	202.09607	3352.64397	1338670.181	1669.75875	6850.94202	89233.01673	3377.18987	17.31175	236.72897	169343.3348	20246.10678	24	benign
id_29	2	203.26105	3044.98917	1337173.139	1630.71449	7507.53462	76721.31788	3861.21191	15.84649	224.08564	152884.1082	17592.7467	24	benign
id_30	1	259.4212	1978.03989	853741.699	1183.20488	5883.79029	33738.18595	5595.53523	9.17158	159.7783	115293.1852	9969.49147	45	benign
id_30	2	308.64307	2779.96675	1089753.131	1651.02736	6653.7803	42141.39412	6713.3263	10.28126	184.1506	149406.6212	10578.9738	45	benign
id_31	1	143.05937	2796.45042	1891890.557	1210.26855	6533.86854	57576.16521	10050.45065	15.93933	142.17114	71944.23748	12776.77708	72	benign
id_31	2	150.42104	3191.13487	1718165.616	1239.02087	5295.67632	59221.96353	9305.60445	15.13322	143.30513	67583.0279	15117.09743	72	benign
id_32	1	59.65564	3105.0653	1019807.14	1152.82614	7829.99255	195373.9296	7215.03607	23.77849	169.96996	71881.83562	12078.95409	75	benign
id_32	2	58.16903	2520.69012	1087483.192	1088.39195	7814.14308	164616.0555	5989.67834	22.5208	158.14259	73809.53254	10120.278	75	benign
id_33	1	43.32333	1680.5681	609065.4037	810.91422	6753.58646	27856.28047	4131.10305	5.77933	122.32827	5864.02868	9773.93007	66	benign
id_33	2	51.64536	1977.38788	766511.4046	855.89401	8964.71518	23889.31111	4629.45859	5.39877	124.11512	7158.10062	10616.77914	66	benign
id_34	1	64.66972	2301.27567	536032.4222	786.80016	6129.69802	32033.95639	3915.24462	13.64718	180.43968	14011.88006	9654.46214	50	benign
id_34	2	94.32311	2962.2413	529794.2903	919.51798	6144.06401	32693.67502	3970.27581	13.32971	197.13441	16131.48612	11415.52012	50	benign
id_35	1	33.61817	1843.49244	492782.3245	857.92765	4523.50084	20836.51491	7272.39519	12.46867	145.72921	5730.45121	7823.47223	81	benign
id_35	2	41.12209	2003.35947	609719.5004	857.54109	5719.65045	19742.77121	7352.58475	12.88261	158.33293	5695.9835	9421.35148	81	benign
id_36	1	88.14759	2626.40899	1044164.698	970.60254	6292.19514	33108.38939	5826.40804	19.11019	169.1867	34750.46885	12252.60531	61	benign
id_36	2	98.82333	2276.78595	932228.2106	877.61169	5745.44513	29404.57919	5146.80937	19.6692	166.37664	33266.94262	12439.6287	61	benign
id_37	1	77.75412	7650.94335	2220348.355	1720.48897	5753.38665	43486.7409	19344.40518	24.47461	196.30988	17508.07173	15927.61384	75	benign
id_37	2	78.70832	6700.88039	2549708.386	1669.55231	6793.27604	40886.97825	21056.16726	25.88721	215.14823	15925.15373	17264.26588	75	benign
id_38	1	53.56381	58166.79236	25117708.2	33043.84451	4300.53893	41124.49491	6348.34455	20.2898	1432.4348	> ULOQ	73473.01729	51	IV
id_38	2	60.25316	50564.6105	21286770.73	35482.25456	3744.84772	38865.30675	5164.11916	18.92192	1312.36638	> ULOQ	89465.56725	51	IV
id_39	1	53.23818	7748.9754	2394120.342	1624.93751	5816.68647	56269.92477	12126.52767	25.44085	161.57628	53142.36311	13873.89989	78	borderline
id_39	2	72.38603	7283.19111	2396607.668	1680.04242	5502.27736	58144.95032	10188.80802	28.62233	163.89899	61430.53101	14584.14311	78	borderline
id_40	1	122.92429	3947.56423	4823775.033	1049.2116	5795.30522	58680.11498	2084.85449	14.97249	181.14743	126692.8731	11560.79589	64	borderline
id_40	2	138.61292	3990.4856	6152729.009	1254.8942	7223.88449	60366.52525	2562.60362	17.41459	195.62038	162102.6157	14872.47792	64	borderline
id_41	1	114.32022	45467.83981	17409686.56	4167.05955	6129.69802	158305.0287	3614.23937	23.91909	462.46005	> ULOQ	49985.2401	72	IV
id_41	2	113.45605	42165.26013	15417216.36	3807.77986	5553.29711	139476.7465	3607.60517	24.24651	407.76669	> ULOQ	63806.94226	72	IV
id_42	1	81.8736	3278.24878	1364088.077	1034.8195	7284.79062	81952.85114	11180.36882	33.92935	168.15096	13911.11856	13168.74802	73	benign
id_42	2	73.51226	3692.245	1327597.047	965.67901	6908.22211	69238.71462	11253.44937	32.80435	175.09846	12684.99915	15051.04976	73	benign
id_43	1	481.97017	1950.18672	2344799.949	791.07038	4688.78217	60893.442	3224.7861	25.27316	148.77754	225073.8693	13466.37039	26	benign
id_43	2	490.6346	1887.37997	2117127.058	710.52725	4412.88703	50248.99865	3238.40947	22.80825	152.08532	206504.1311	17402.59306	26	benign
id_44	1	61.52078	4249.13179	722935.6617	1033.85655	5377.10756	120713.9613	11691.26492	13.46865	134.82111	91734.05674	13646.11336	65	I
id_44	2	61.2776	5620.10618	827308.9971	1243.34713	7245.63707	140740.2139	14597.25033	11.86579	149.15731	104141.2055	10766.90952	65	I
id_45	1	45.41384	4704.88821	1027081.518	1841.81808	5646.1018	42253.96767	13229.00764	10.30424	188.64366	20603.23308	13810.83216	84	IV
id_45	2	50.20315	5566.80032	1206384.511	1941.68056	6224.29946	46032.10465	15007.88047	11.47419	209.5832	20601.19775	16783.15156	84	IV
id_46	1	31.86549	2196.12855	588148.096	950.04129	4622.30871	22430.35859	6308.67887	18.00849	183.03545	17236.80506	13532.21352	47	benign
id_46	2	40.86098	2428.69971	756939.9079	1160.69282	5616.10557	27469.59426	7034.83746	20.23075	217.98731	21250.28827	12297.20113	47	benign
id_47	1	122.09628	2404.28198	1445955.408	842.35716	4884.34553	66983.6553	4790.60917	13.44475	160.0711	232878.9247	10470.16213	33	borderline
id_47	2	118.49423	2525.10422	1537467.571	888.67017	5319.93049	72902.60811	4772.16396	15.34121	185.99897	238821.2025	12112.33527	33	borderline
id_48	1	78.18852	34378.98971	2621533.921	3467.70902	5780.77531	80820.32208	4461.28724	19.37482	166.96082	2051291.038	13685.58759	48	III
id_48	2	71.39108	35832.37684	2605153.653	3217.05237	5892.97333	79074.27259	4401.16515	19.34878	166.71353	1824229.887	13176.72509	48	III
id_49	1	53.72852	5512.48831	3674864.532	1516.79481	4959.70711	89134.40256	11559.17415	10.30957	182.13696	62659.57844	13307.76657	65	benign
id_49	2	52.84979	5921.84363	3999951.824	1755.68955	5657.95808	111742.1683	13787.91741	12.21021	221.12581	68527.39946	17394.0547	65	benign
id_50	1	165.8312	2538.57112	916146.6805	1377.77655	4346.78993	434190.4513	4345.33346	13.54233	199.72718	49337.18182	10770.75789	71	benign
id_50	2	176.75626	2674.05744	1117932.539	1496.69834	4832.44921	555547.0053	4314.30512	13.88023	218.63005	51360.15055	10002.44657	71	benign
id_51	1	249.98956	5133.3898	943916.0157	1001.18237	6946.3444	68400.74618	8300.49127	50.94027	175.27144	80728.5732	11444.57218	58	benign
id_51	2	243.54744	5398.84598	1010701.327	998.78958	7073.34011	64570.86505	8774.68958	47.8734	184.64608	82936.01521	10622.64479	58	benign
id_52	1	170.15302	14350.43339	2092101.231	1189.39856	5349.55414	36711.40428	1413.94657	9.87943	227.12438	37165.49906	12992.77982	72	benign
id_52	2	164.18117	14045.65453	2095187.333	1125.06638	5550.11608	33347.14239	1521.39392	10.5472	238.16862	34772.26785	13166.19355	72	benign
id_53	1	61.05186	2434.92334	815966.6233	769.7192	5246.32299	17841.58971	7867.49521	7.85126	203.41768	9260.59749	10468.47483	73	benign
id_53	2	68.5166	2792.64208	1006785.165	930.09293	6126.47022	21480.4991	10077.13334	8.67296	228.57852	9420.55044	10192.51682	73	benign
id_54	1	92.76092	2169.61928	679452.9171	804.59397	5652.16741	18959.40715	4492.06678	10.08538	162.58851	9616.68783	10600.47973	59	benign
id_54	2	81.56307	2445.34708	836798.6869	882.48185	6753.38664	21391.62954	5459.10863	9.41298	168.99371	10471.64338	10809.36202	59	benign
id_55	1	42.87055	4222.33618	1447688.129	1124.31366	6314.57456	36580.20091	9664.1801	26.58769	159.69824	18129.64277	12521.29348	74	benign
id_55	2	42.59974	4371.77532	1456041.283	1103.38431	6002.5136	34799.54612	9411.8016	25.90013	161.64969	16063.86937	14813.23003	74	benign
id_56	1	110.65287	26577.76678	3370083.873	1952.59486	4192.62308	97963.53702	2734.99233	19.67054	272.9873	1285027.373	20113.62319	48	III
id_56	2	117.71939	38863.51859	3959522.629	2327.85507	5291.35919	120028.6765	3790.35331	25.05809	302.15977	1577686.537	27739.83297	48	III
id_57	1	23.41202	2061.29055	932969.9364	1136.90489	5226.84051	51557.05155	3894.74626	17.54096	145.4456	24598.17175	12298.92507	53	benign
id_57	2	22.1323	2497.16189	958542.8141	1206.42883	5985.93044	48455.9353	4530.61058	15.79685	147.21069	24032.07067	12484.90767	53	benign
id_58	1	77.90378	2234.618	631519.2631	1330.4176	6812.23973	49340.51005	1423.99497	12.00926	175.66355	28649.58427	11796.17926	41	benign
id_58	2	73.1938	2559.14966	719978.0907	1366.07048	7012.92842	49317.91588	1707.0005	11.85276	178.94294	27845.45706	12089.15578	41	benign
id_59	1	102.80966	5984.68732	2485846.221	1973.90788	6071.30644	70911.66578	1106.88681	25.44661	191.92339	131025.7171	10785.784	74	benign
id_59	2	96.29432	5628.0573	2175906.911	1735.31604	5960.90921	58297.01032	925.50165	24.57154	188.98351	119276.3832	10285.0647	74	benign
id_60	1	NA	NA	NA	NA	NA	NA	NA	NA	NA	NA	NA	55	III
id_60	2	19.93803	31459.81486	12865104.93	5737.00354	6281.63775	148178.654	3561.61379	20.64688	2266.92985	> ULOQ	124626.6866	55	III
id_61	1	103.02111	2099.72109	1188506.453	1034.1007	5285.82722	44055.07939	1925.6932	10.2063	180.1211	48618.06818	11187.38814	39	benign
id_61	2	115.96404	2285.64062	1225563.317	1118.05242	5832.75676	44309.49878	2171.71032	10.27757	206.24928	55076.9836	10729.33518	39	benign
id_62	1	61.12481	7166.14381	2746546.396	1102.72891	7399.70025	94931.68509	4082.48517	15.66684	193.44251	167035.1795	34692.98463	26	borderline
id_62	2	62.5981	7837.55577	2677249.32	1066.68597	7572.00665	84749.03771	4411.20013	13.78856	188.80094	159836.3177	38176.80847	26	borderline
id_63	1	NA	NA	NA	NA	NA	NA	NA	NA	NA	NA	NA	72	III
id_63	2	27.68183	7181.81687	1137495.138	1548.41424	6487.43774	23478.84131	6261.05222	10.53076	215.85596	28316.6678	12428.66281	72	III
id_64	1	57.86417	2473.65846	787435.0932	1159.14634	5780.02139	31526.52473	5759.54628	12.49853	112.85195	27592.46195	7587.28722	55	benign
id_64	2	47.94392	2504.88931	736418.6023	1044.83102	5384.26126	28067.31681	5418.86495	13.27069	106.41515	24790.3508	9520.41321	55	benign
id_65	1	58.86306	21611.89321	2972134.908	3144.02716	3762.04743	45853.23595	2514.80395	27.71184	119.04583	1136304.45	13501.9917	71	III
id_65	2	57.96645	27493.17157	3318638.978	3567.1221	4461.80489	44048.92132	3079.73313	31.05146	133.06837	1210792.322	16661.64185	71	III
id_66	1	90.58633	6186.01808	2891013.335	1151.71913	3695.69369	74905.32775	2488.93222	14.26458	190.09273	344484.2474	20812.3619	53	IV
id_66	2	106.56354	6659.79992	3159753.279	1356.49494	4396.63711	87881.09842	3164.10175	14.34352	212.25135	371669.434	21593.69257	53	IV
id_67	1	24.78718	1643.36825	897241.162	998.75619	5911.81808	21918.50246	2814.16509	6.18768	143.67705	12041.37608	9519.87108	69	benign
id_67	2	33.37986	2217.4523	1251680.559	1406.54095	8360.77815	33467.43984	4671.73503	8.50626	189.92932	19115.41628	11597.84941	69	benign
id_68	1	94.3249	6368.48202	23128223.85	696.99991	3634.09833	35926.05749	38789.2403	17.13773	218.61109	249765.2816	20896.27674	73	III
id_68	2	114.97365	8286.26945	27387889.01	810.83838	4507.22968	42012.13243	46705.14089	19.24283	273.12758	321240.7217	36325.90673	73	III
id_69	1	91.00253	3158.11572	1227918.803	1087.33375	7354.54259	48282.95333	7713.04128	14.61416	190.77308	20907.64433	11288.87255	61	benign
id_69	2	98.3877	3480.47008	1450596.378	1300.80502	7433.06665	53844.40244	8707.42431	14.25471	202.68044	22726.90241	12388.744	61	benign
id_70	1	74.94639	6580.12346	1308984.947	2812.4045	5490.01847	64265.73386	3571.51355	10.71327	1414.87312	200555.5762	18686.60603	56	I
id_70	2	76.35239	7075.85284	1480591.412	2827.15088	5618.42981	63624.18776	4055.98178	11.75073	1376.74143	215409.5286	24773.31373	56	I
id_71	1	NA	NA	NA	NA	NA	NA	NA	NA	NA	NA	NA	63	benign
id_71	2	81.0005	2291.58144	1211712.872	1119.73166	6784.2942	43196.96058	3950.7798	14.61094	186.93497	20857.99229	12764.80583	63	benign
id_72	1	NA	NA	NA	NA	NA	NA	NA	NA	NA	NA	NA	83	benign
id_72	2	50.08902	5611.91351	1639710.803	1726.24274	6298.43055	37145.63455	5746.02633	18.63552	206.35925	59049.81619	20213.65722	83	benign
id_73	1	NA	NA	NA	NA	NA	NA	NA	NA	NA	NA	NA	60	II
id_73	2	53.07726	19716.9439	13334388.19	6113.52443	5995.46357	44947.48129	3727.47497	25.8466	423.04869	> ULOQ	66209.90714	60	II
id_74	1	111.97911	3357.04084	873405.0287	985.8347	6594.98382	66563.74451	2722.28463	13.30679	151.95108	123872.5181	8908.96803	48	benign
id_74	2	124.55946	2937.2492	845460.3496	957.40196	6424.96366	58988.60646	3790.00501	12.62161	124.56677	117491.8624	9812.49133	48	benign
id_74	3	93.94638	2182.06923	824006.0399	784.51604	4838.82293	47003.45744	2993.99283	11.97777	111.68808	93915.09147	13113.67378	48	benign
id_75	1	117.44438	3087.68528	2146374.224	1061.81423	4770.52712	56704.08764	1162.28665	14.16365	198.20658	113119.6486	7282.61044	61	benign
id_75	2	134.47845	3364.11004	2394422.061	1173.13906	5168.83156	57476.93529	1700.13166	15.20242	192.41776	114620.934	8249.94866	61	benign
id_75	3	116.40037	2605.71733	2107565.699	982.00913	3886.85847	45788.88607	1551.36824	14.50119	184.5513	109028.7427	8982.93169	61	benign
id_76	1	46.45685	2137.84841	827594.6648	925.87075	5773.04473	35583.71803	4176.63729	13.77552	168.12061	42496.78654	11101.05463	64	benign
id_76	2	47.27212	2522.74241	947149.655	958.32421	6091.5332	36459.78141	4641.55657	17.41967	193.68246	49782.17419	14793.51007	64	benign
id_77	1	32.33903	14513.98931	3655245.803	16459.2593	6846.0282	49773.66731	2598.28459	13.34633	746.09866	> ULOQ	17818.2522	56	III
id_77	2	44.79481	12609.96701	3927428.549	17784.16499	5725.13971	50449.85086	3084.80877	14.55287	652.90064	> ULOQ	30751.85079	56	III
id_77	3	31.06089	10090.87977	4077551.675	15552.02275	5145.39959	41088.02603	2703.52326	13.5509	610.09848	> ULOQ	28091.58464	56	III
id_78	1	80.57832	31978.2938	8169910.732	2369.17381	5516.28053	91971.05009	5845.88915	17.38194	1096.9286	572449.0569	15355.38569	73	II
id_78	2	92.67702	41737.57758	9761308.43	2969.75665	4655.41733	107142.9771	7199.96042	18.08452	932.62632	622666.9119	39737.56248	73	II
id_78	3	69.88956	26315.98686	9424779.107	2386.04216	4251.52937	75754.63315	6224.81662	17.41471	922.74389	531358.5349	28275.57873	73	II
id_79	1	63.21819	4249.45812	1282638.209	1330.45382	5996.3819	28862.81068	3607.60517	11.05437	200.69971	17394.82416	7269.42371	78	benign
id_79	2	72.43483	4374.1346	1350211.335	1395.13198	5795.30522	28163.76935	4347.21952	13.47921	168.94972	17883.82087	14981.74696	78	benign
id_79	3	58.22397	3587.04872	1360984.849	1209.71109	5292.88887	22965.66134	4247.81123	11.98952	169.62881	17975.22769	11384.37095	78	benign
id_80	1	65.01781	3363.44244	814035.2625	943.86916	6852.96763	46361.69909	8089.75916	10.82975	193.52244	42684.40059	6478.40915	65	benign
id_80	2	64.39617	3332.55614	821388.5118	1014.65857	6343.97857	44566.99935	9315.87516	11.91028	161.73497	41113.31375	9531.62626	65	benign
id_80	3	52.55533	2662.54337	857097.6423	973.85824	6010.05814	42300.82943	8412.33867	12.25722	152.20638	38980.35388	8595.83902	65	benign
id_81	1	69.25726	3358.95113	969416.8441	975.45392	5914.9221	78193.42442	1436.43736	11.78864	257.83001	53760.44055	9590.75463	21	borderline
id_81	2	72.94713	3454.43927	1088213.499	1030.52761	5747.99531	80823.18127	1616.51358	11.7793	223.68888	55614.95034	10545.86431	21	borderline
id_81	3	52.71649	2467.02144	766586.0987	798.01733	4400.98291	51450.7771	1205.00477	8.80265	182.90491	40116.28044	9068.12728	21	borderline
id_82	1	136.5046	5038.18681	7033577.695	1446.45222	7389.61184	111962.6485	10362.77513	15.38102	327.40029	40331.88295	21772.59742	55	I
id_82	2	113.06185	4819.06757	7018352.962	1315.53872	6447.38839	87799.39898	10688.87079	13.10793	255.57287	31572.44416	18007.4578	55	I
id_82	3	117.81717	4507.87457	6775661.695	1319.69239	6678.81576	82982.72677	11596.59638	13.10084	265.09048	34404.68561	21489.16476	55	I
id_83	1	171.93585	2574.0474	2388753.286	1146.81362	8244.46487	99603.43665	8627.88681	8.7588	253.60428	84732.8245	22128.18952	26	benign
id_83	2	163.28451	2280.13949	2451572.69	1178.76768	6599.06381	90654.59414	6357.45528	10.19964	232.79234	77686.50031	15567.06385	26	benign
id_83	3	173.8772	2330.70032	2979928.297	1241.17322	7856.01904	83739.85556	6952.15648	8.6767	224.23495	83428.37082	19637.61431	26	benign
id_84	1	NA	NA	NA	NA	NA	NA	NA	NA	NA	NA	NA	42	benign
id_84	2	128.5513	2050.58793	1132696.236	1329.03423	6286.98216	85531.80326	3307.38859	14.89997	175.6331	92866.1045	14670.49069	42	benign
id_85	1	142.53891	3829.95194	5683846.868	1309.73272	5471.61042	101137.0192	5600.87778	16.93593	178.98352	107090.218	12860.53597	54	I
id_85	2	121.98876	3315.06719	4518059.135	1112.67727	5540.8759	83251.74853	4363.74823	14.15313	161.32604	89067.64853	11040.71489	54	I
id_86	1	77.46107	25743.48053	2627623.963	1678.19979	6305.96523	24872.63704	7728.46822	14.66858	242.35003	> ULOQ	13608.61424	57	IV
id_86	2	81.46137	27696.18892	3184186.593	2034.88256	5967.57003	26583.75174	10254.70309	16.30964	197.92414	> ULOQ	21071.6539	57	IV
id_86	3	68.33257	21882.24766	2924230.591	1684.00181	5351.87265	19380.37193	9043.89091	15.15293	177.28098	> ULOQ	22892.15022	57	IV
id_87	1	88.5166	2076.13915	622188.3775	1050.82746	6871.45099	49800.87829	3304.16082	16.21253	168.6444	23821.57388	7667.35843	21	benign
id_87	2	94.27371	1757.90269	684641.9464	1151.46205	6201.81642	49904.07645	3919.08493	19.65439	156.30793	22625.05992	9033.86666	21	benign
id_87	3	69.84405	1546.35847	702675.2927	971.53152	5230.00721	37431.1372	3256.5889	15.73339	136.51379	17732.23823	9321.13801	21	benign
id_88	1	84.02838	3591.59439	917935.7734	1387.28995	4877.73352	54353.2181	7331.98683	22.28743	216.92546	21539.78539	11390.30475	69	benign
id_88	2	93.51535	3512.87222	939673.5333	1338.50878	5296.82455	48851.29327	8981.50125	19.80255	181.26099	22027.15287	16314.81816	69	benign
id_88	3	78.958	3060.32856	1062405.616	1383.33851	5306.42929	45541.90709	9354.03626	18.64747	185.87751	20651.12276	11549.5417	69	benign
id_89	1	60.52743	10660.46363	1965353.18	2302.21568	6012.33945	114775.3288	4273.82483	20.3085	321.36162	283111.484	12312.70572	60	III
id_89	2	46.96625	7377.53557	1635633.838	1840.13014	4671.96576	83546.87346	3964.37167	16.29319	220.60645	212396.728	14106.09612	60	III
id_89	3	37.6685	6253.13257	1497403.802	1498.69262	3735.20228	58812.74881	3523.86634	13.27347	180.49385	166024.6626	10414.11001	60	III
id_90	1	79.23559	2158.54292	1160790.083	840.41751	4874.37786	151189.3466	3450.59109	15.93821	181.10757	103364.643	5619.1524	51	benign
id_90	2	80.56839	2056.85479	1305801.288	874.31879	4950.63969	152676.3876	4317.04589	17.31681	162.87869	100669.8779	10515.76627	51	benign
id_90	3	68.69142	1793.58417	1303505.826	763.80492	4241.20467	108715.0309	4006.52585	14.68767	143.41455	90972.45655	7860.40812	51	benign
id_91	1	90.4782	3557.45882	2304217.969	1125.83487	6025.74501	36157.14474	9940.82565	14.33984	182.43963	19357.89866	13883.92428	66	benign
id_91	2	73.14507	2720.46536	1992607.983	890.85434	4961.12955	28766.04253	8147.23355	11.54246	148.55866	13293.90108	11639.69025	66	benign
id_91	3	99.84489	2837.88246	2492400.883	968.09529	5654.46881	27662.76424	8840.36491	13.5257	164.18708	16626.63733	9801.54455	66	benign
id_92	1	69.68493	2215.29934	1079683.318	942.55431	7409.8092	32691.12116	2722.65487	6.16335	157.57606	29062.05543	12791.60511	42	benign
id_92	2	52.52204	1735.04168	955042.5092	810.1847	6361.97922	27472.60837	2378.92758	5.58291	140.58074	21629.35874	15160.9203	42	benign
id_92	3	63.28935	1740.54656	1295458.381	842.49862	6367.9161	25789.7062	2567.09448	6.04309	154.27942	26181.3928	11725.6413	42	benign
id_93	1	262.98685	3209.69125	1120942.152	1286.33022	8905.32863	91925.66515	17171.44581	48.06327	283.95676	15456.35882	18893.20558	34	benign
id_93	2	196.33944	2369.75245	871617.7083	1004.73925	6951.95677	64669.02674	14370.67718	40.8538	231.41303	10544.45207	17263.73646	34	benign
id_93	3	267.19112	2701.86339	1249155.655	1069.3535	6967.58283	67836.29048	16290.73483	44.11707	260.28082	12640.49196	16923.87032	34	benign
id_94	1	106.89066	2094.81449	825681.8451	681.8123	6260.57695	31732.9063	5999.47896	6.51596	176.95847	10773.02676	5578.72269	61	benign
id_94	2	103.96227	1854.63986	925251.1269	693.94856	6311.3324	29478.32397	6396.19853	6.76907	153.86733	9793.20351	9073.03937	61	benign
id_94	3	90.02163	1560.76967	801151.7781	579.47891	5171.80733	22053.19943	5869.67566	5.19614	129.40448	8046.3697	8765.91863	61	benign
id_95	1	53.33095	4281.40081	796300.486	1397.31877	6338.53207	49761.92363	12690.91738	16.70783	261.02631	13939.15102	8180.04019	60	borderline
id_95	2	60.41041	3777.26118	806032.3914	1507.12832	5411.65497	44859.64457	16131.04765	17.31404	195.27396	13710.65924	13736.63466	60	borderline
id_95	3	44.5961	3168.328	833995.8693	1298.88049	5172.07019	35091.78464	13196.39551	14.15525	172.16985	13545.23368	12172.10037	60	borderline
id_96	1	143.4986	3240.59635	1751713.228	1235.02872	7033.71524	278251.711	9049.02347	27.40415	279.12785	30974.25934	16479.25302	57	benign
id_96	2	111.76997	3049.54769	1550343.382	1108.22683	6230.64383	220040.366	8965.43768	22.60421	261.30323	25990.12642	17071.71816	57	benign
id_96	3	144.88549	2743.4221	2003748.095	1136.88949	7083.06169	242545.5889	8418.59613	22.02313	285.09248	33953.80039	14774.26195	57	benign
id_97	1	78.59779	3215.46218	1228740.054	1286.19031	7473.40876	67059.81054	4079.4035	11.91683	258.6512	57021.97961	8750.36001	27	benign
id_97	2	79.55792	2776.67782	1182163.181	1265.43545	6603.44362	64279.12025	4619.0847	11.10433	220.72848	55091.46176	16947.65031	27	benign
id_97	3	66.70259	2301.40891	1252887.347	1107.30582	6295.7964	52746.90704	4329.62589	12.11637	211.50188	47717.14626	12053.24557	27	benign
id_98	1	135.99702	35729.31141	6740812.827	3702.70499	4533.30839	447453.2804	5045.56617	16.45948	237.07781	2202176.106	15053.66293	60	IV
id_98	2	154.22723	35758.42832	8026809.774	4040.17987	4464.60037	488954.0592	5998.75575	19.53919	216.00836	1910608.965	20111.59643	60	IV
id_98	3	116.54641	27472.60736	8192001.458	3945.16882	3397.6927	454174.2088	6084.50865	18.30232	210.77747	1849535.622	21752.34967	60	IV
id_99	1	64.90438	68713.8031	21540410.89	1996.14169	5492.0052	43325.28307	1156.67136	26.34834	478.91138	810658.5095	33730.1077	74	IV
id_99	2	62.64784	73511.58777	20523936.21	1946.63817	5934.79301	42741.93238	995.3164	28.67445	491.67694	730069.1458	35846.87013	74	IV
id_100	1	73.24637	2364.73749	690281.6728	887.35613	6847.13915	46391.48864	3726.54505	15.39188	211.30331	118678.5837	8110.73404	48	benign
id_100	2	76.24211	2497.54664	641311.6543	871.36078	6198.86728	43273.72303	3851.41951	13.44949	176.90298	105724.6277	12697.19179	48	benign
id_100	3	62.9103	1763.86619	755490.8402	841.55907	5578.39281	41494.16922	4125.03348	14.22717	180.15593	105018.7805	9807.43654	48	benign
id_101	1	59.47751	2260.45485	984485.5115	865.21941	5234.04319	33654.54133	3245.33675	12.37242	116.8226	17892.44518	4735.78754	72	borderline
id_101	2	57.86098	2281.57579	996006.2565	815.91927	5000.39141	27251.42557	3755.46704	13.61831	95.12623	14914.18188	5991.71108	72	borderline
id_101	3	50.03665	1986.21042	1040254.42	808.36924	4547.08923	25139.01062	3676.18603	13.15988	92.70886	13795.72221	8088.91258	72	borderline
id_102	1	170.32398	3418.90575	971709.9232	910.85917	4202.04728	206637.3431	3127.89793	7.8715	180.28213	56606.04164	6464.50691	72	benign
id_102	2	162.01243	3101.49414	970936.0722	858.07726	4527.1114	184552.6475	3805.33744	7.64561	153.62885	54289.10746	7530.39184	72	benign
id_102	3	142.07517	2895.97291	996846.8531	906.66477	4392.29592	163050.5736	3844.49173	6.93117	141.75745	53834.54405	9211.52166	72	benign
id_103	1	67.66643	4347.89756	1895035.541	864.05692	4717.64733	41365.16006	9675.92214	16.101	231.69226	20554.80741	10509.72201	77	benign
id_103	2	66.57787	4271.21998	1944010.083	840.66046	4401.79742	33946.19727	11834.71287	14.31798	191.71753	17590.76047	12156.15685	77	benign
id_103	3	50.71825	3277.53633	1816258.471	767.32006	3287.55214	28581.82655	9324.99306	13.22324	172.47108	15573.36336	10944.30559	77	benign
id_104	1	88.5025	3820.40084	1169086.978	1136.28179	7456.24053	57825.11114	5680.21436	10.42876	204.2202	35793.45186	9881.71669	67	benign
id_104	2	174.93568	3162.88365	1144641.308	1042.07794	6659.28221	47263.25289	6128.26521	11.20913	175.2749	31836.61241	9587.02756	67	benign
id_104	3	63.96205	2551.83073	1108971.209	975.90718	5196.53034	41101.33763	5420.45465	8.80577	154.60261	26941.52093	11818.87771	67	benign
id_105	1	58.01844	4079.6964	5304505.994	1077.37014	5250.10547	45127.28335	5366.15288	12.76624	529.63642	866542.6546	10306.16738	68	III
id_105	2	75.30513	4240.76916	5532412.119	1111.107	4714.47811	41364.87258	6593.22787	13.3519	445.60146	806550.8205	14032.75792	68	III
id_105	3	45.63591	3161.54956	4857620.707	948.12385	3781.16667	33510.38967	5414.72061	12.29633	386.16633	646834.4822	13349.20415	68	III
id_106	1	64.20593	6173.12924	1297364.936	1950.85407	6102.09768	45743.29913	5394.28774	12.83894	249.25061	735225.4201	12705.96703	65	IV
id_106	2	73.97918	6688.12051	1256162.319	2010.86989	5530.36462	46211.41373	7218.88754	11.37267	211.70063	733308.5198	16090.61926	65	IV
id_106	3	54.5981	5566.80032	1280393.863	1935.74615	4524.91918	37622.2322	6513.29108	10.66146	189.27849	621198.9618	15320.56487	65	IV
id_107	1	60.86293	2216.66825	666244.427	1046.32683	7488.76965	41012.73392	3771.36495	10.25602	271.29177	13760.72558	8954.20819	54	benign
id_107	2	63.58623	2339.65291	712064.8133	1085.389	7835.98669	40116.7421	4850.9826	9.31903	243.16364	16729.71834	10997.34495	54	benign
id_107	3	57.50137	2106.06401	788198.3477	1065.72146	6505.17008	37923.68513	4520.93816	7.85761	240.6138	13972.1198	12466.61301	54	benign
id_108	1	107.54681	7602.35139	1312351.882	1178.86282	6903.26289	100463.9397	17640.47426	17.02423	210.40995	29849.44463	11476.8333	76	benign
id_108	2	124.74751	6940.40966	1416691.333	1194.82353	6849.06687	97226.97855	22515.28575	18.79343	191.51322	26743.35162	12617.34955	76	benign
id_108	3	88.04471	5318.6546	1253420.033	1000.12347	4881.16175	66244.85476	16983.93511	15.16076	160.60773	20554.80741	11892.45197	76	benign
id_109	1	62.90561	2574.64114	1038184.324	885.96678	5775.4801	41889.42255	4105.48595	12.15429	262.86899	60225.59126	7591.51195	42	benign
id_109	2	76.37087	2388.61154	945605.0989	870.09059	5949.78868	35092.24394	5097.16058	11.55946	191.1383	59354.96543	6603.85836	42	benign
id_109	3	52.31266	1862.34865	922945.8882	793.07559	4752.27544	28282.41144	4420.08354	10.13072	173.2196	49141.62624	8933.46717	42	benign
id_110	1	105.48127	3675.60286	560243.7291	1035.00793	5361.19823	46777.79875	20394.29522	16.64049	151.13613	183237.3904	10551.08304	44	benign
id_110	2	97.72473	3465.65637	529550.4848	1000.5685	4991.77994	42180.83105	25313.96369	17.32934	130.72009	171692.969	11769.22008	44	benign
id_110	3	88.88522	3175.70851	600645.9326	933.8382	4457.48967	37230.34259	21735.34381	13.54652	114.56347	156715.9514	12315.86748	44	benign
id_111	1	85.09869	11986.44058	2528605.72	3080.65213	5904.53578	64224.31953	7968.3975	11.32562	157.91975	180111.911	12942.93569	69	II
id_111	2	81.23091	8827.92114	2796502.833	2958.72188	5207.25058	58408.66178	7781.80381	13.05381	143.38479	151082.5887	15728.82296	69	II
id_111	3	74.08045	8424.59245	2705381.546	2716.39186	4751.96757	48699.9992	7276.32179	11.5176	132.56025	154218.0697	17387.33638	69	II
id_112	1	97.09601	6836.13678	> ULOQ	1001.6414	5807.8874	81847.52745	11759.48016	16.32164	406.90237	416972.1191	11859.39341	75	I
id_112	2	86.43447	5572.72217	> ULOQ	866.68685	4856.00779	74525.43096	11552.27939	16.69266	350.52697	367187.5928	18092.61096	75	I
id_112	3	80.39317	5713.33227	> ULOQ	823.88427	4706.23158	59227.27814	11353.51053	16.01116	344.69482	365006.8721	18389.42852	75	I
id_113	1	71.80519	37411.46423	21447331.59	3636.46842	6434.0811	103979.701	6696.38549	17.20179	324.73148	> ULOQ	25730.45588	57	IV
id_113	2	53.24005	34819.61322	17648633.85	3068.12961	5674.12707	85502.3188	7011.16833	13.57526	254.6206	1680538.053	29649.61522	57	IV
id_113	3	70.1632	30411.70355	20648136.63	3150.52664	5203.16198	81020.63158	6344.61658	14.72276	271.16513	1926736.059	26873.95527	57	IV
id_114	1	73.29997	73390.30396	22070163.43	16273.80838	4754.38254	123738.8444	5488.71479	15.1524	994.82317	> ULOQ	25531.46542	60	IV
id_114	2	75.89063	73758.21345	32775952.08	20433.2478	4148.65803	141488.5574	5984.78461	20.74921	969.06684	> ULOQ	53453.60952	60	IV
id_114	3	63.49546	53162.00669	22695254.54	13257.33361	3263.32693	88910.52273	4591.8266	14.75185	735.12016	> ULOQ	50229.36895	60	IV
id_115	1	93.56735	2635.01716	1040682.326	1205.04842	6992.05624	39391.5734	2604.92825	11.57869	240.75497	9210.48289	10548.23033	58	borderline
id_115	2	79.47684	2355.02614	1048318.125	1098.23016	5735.55496	33299.84804	2344.45964	9.59546	205.95406	7855.76549	11467.13155	58	borderline
id_115	3	75.23554	2044.82751	1131231.518	1034.67969	5188.33925	26998.8089	2066.92864	9.4507	189.57771	7004.5264	11441.65892	58	borderline
id_116	1	152.4379	1959.93164	967503.3002	771.87729	7324.89176	38155.35648	3055.59166	15.54466	222.72393	72648.28826	11251.72331	27	borderline
id_116	2	144.24934	1873.54402	902249.464	777.42097	6369.50387	37858.65166	3534.65121	15.55409	186.13915	64394.45046	16904.87553	27	borderline
id_116	3	129.21598	1928.53887	974524.9212	755.70112	6326.49436	29481.55446	3711.74483	13.20742	186.00518	63239.42345	14223.38182	27	borderline
id_117	1	58.64564	5782.40146	2751501.831	1323.22146	7738.61476	53187.89537	3533.22782	18.60074	310.68719	104827.6338	13764.19468	72	III
id_117	2	53.524	4714.49761	2505785.895	1164.52396	6278.22978	44956.78188	3890.8767	16.46627	185.81925	85506.90615	16713.96726	72	III
id_117	3	49.075	4540.12324	2455870.622	1078.09756	6075.78972	33799.80029	4325.58787	14.4366	171.41549	81531.37052	17157.53951	72	III
id_118	1	46.80376	5459.19158	1301346.247	1090.36399	6046.29398	35675.56124	3610.45774	9.13165	406.81194	67611.77334	11439.47293	59	III
id_118	2	53.75337	4865.23906	1384396.543	1096.67305	5923.89885	34981.19465	4196.05765	10.12525	380.87079	67134.87629	13828.57362	59	III
id_118	3	43.08268	4443.91068	1378214.47	1022.15159	5214.64971	27086.84633	4205.58063	8.07742	367.0021	56456.2626	14784.5013	59	III
id_119	1	80.6582	17067.71577	29830171.31	14820.20668	4681.82135	52015.57709	1431.87721	26.29047	608.60162	1967037.797	17292.6356	63	IV
id_119	2	77.50758	16673.00706	38942397.23	19496.86451	4781.49493	52460.12203	1645.81811	25.55281	547.98529	1928440.424	21999.10439	63	IV
id_119	3	68.3896	16122.85354	36091535.12	16727.53534	4438.94715	43400.31162	1719.77468	21.59276	540.25165	1816671.864	16542.9693	63	IV
id_120	1	92.56801	2868.79981	3332057.18	710.57954	6503.20733	148294.2889	5312.02095	21.88782	211.80778	97324.86977	4551.77037	58	benign
id_120	2	95.5903	2606.73536	3666632.369	791.57513	6526.12535	149806.8114	6594.10216	23.88031	181.36979	88614.7875	11015.25635	58	benign
id_120	3	78.58245	2078.42949	3267985.527	632.43621	5275.80567	104502.764	5767.34254	17.95248	157.13858	83206.47271	9639.34568	58	benign
id_121	1	105.9841	6633.95247	3385606.084	2740.59399	6252.82646	30459.74271	3966.96031	21.05	429.24777	558178.8641	24308.10504	59	III
id_121	2	91.46791	5503.92453	2963800.491	2281.27598	5930.94333	22384.89384	4016.62407	16.55856	317.92761	424345.1274	25332.04187	59	III
id_121	3	81.11536	4946.09374	3262492.06	2324.91553	6180.78179	19883.36376	4419.91177	17.36842	354.53152	460079.0895	23994.11321	59	III
id_122	1	138.18189	2879.44382	564773.5757	1013.42738	6298.80066	52471.17903	4791.40957	15.9409	170.52215	29162.34294	5918.4239	38	benign
id_122	2	137.36281	2585.81507	607965.7178	1011.72071	5668.81293	52805.25047	5452.5029	20.41448	164.53391	26256.16566	13234.82169	38	benign
id_122	3	109.37181	2085.57087	649273.9425	711.9253	4430.17949	36396.27417	4071.65296	12.79921	120.53134	22413.45806	12370.02739	38	benign
id_123	1	75.42324	3080.94097	923532.0922	982.18774	6017.69691	50583.22296	1049.09554	12.37485	179.1543	18125.14407	10645.96113	57	borderline
id_123	2	75.33033	3129.9371	748969.0545	975.40754	4874.51777	48131.64949	1316.80004	10.99237	130.81846	15864.92507	18838.69032	57	borderline
id_123	3	70.73415	2867.84627	913723.5546	968.86494	5477.59273	43412.1277	1365.4705	11.13766	149.22023	17248.54465	13555.22464	57	borderline
id_124	1	84.92731	2855.96569	1064978.766	1298.86283	7582.20409	66799.14781	4937.24053	20.2244	301.23248	16040.19587	10495.95552	27	borderline
id_124	2	75.40296	2334.5204	906522.3757	1110.55856	6276.84697	58097.5386	5487.62966	17.6292	207.31414	11394.69064	10922.36129	27	borderline
id_124	3	72.30241	2314.23268	897497.1315	1055.36897	6049.96022	48118.38858	5056.66152	15.15293	193.6992	9136.47561	10505.49297	27	borderline
id_125	1	66.83423	7333.07598	5884506.884	3338.69718	6302.03573	99727.79348	3009.40933	16.2437	255.09799	215065.8486	18875.56037	26	III
id_125	2	57.92288	5569.97733	5393814.342	2965.71649	4882.5598	79830.39289	3267.33179	13.12166	191.35625	180398.1655	21526.3256	26	III
id_125	3	56.82485	6483.24992	6350449.096	3208.7119	5486.12692	76353.19366	3656.44111	13.91047	194.10883	198371.253	30137.38295	26	III
id_126	1	82.9468	25566.51915	9264389.028	24273.51526	6784.89673	51629.66843	4368.72389	21.00369	443.052	2144228.081	110976.9288	48	IV
id_126	2	79.43041	23717.26502	10699339.68	30340.92178	5457.13579	51303.76189	4678.87221	22.94585	364.82822	1573572.769	176191.3224	48	IV
id_126	3	66.15772	18121.70754	8992266.295	22213.77702	4888.96835	36693.84292	4109.68223	17.3132	315.89913	1907158.027	> ULOQ	48	IV
id_127	1	158.83945	32747.42413	46401872.77	1960.54886	3845.61001	95185.42761	3666.84418	24.69489	349.80156	1526085.569	33989.70662	66	IV
id_127	2	164.74981	29841.16158	60814284.12	1908.46506	3529.93602	103903.6963	4672.69784	27.38439	317.21821	1475573.748	53226.23252	66	IV
id_127	3	147.20313	30894.69638	55704189.95	2022.25025	3330.06062	77936.744	5215.14158	22.619	307.36341	1492303.58	47940.51695	66	IV
id_128	1	66.95305	61077.98883	25702151.2	46148.85047	5086.06526	61217.85382	712.27569	19.62371	760.53474	> ULOQ	12031.65984	49	III
id_128	2	61.41019	60075.8662	38136715.32	75005.41671	4267.89896	59122.01593	971.22474	22.03252	662.80692	2108924.164	22400.13485	49	III
id_128	3	56.63266	47961.34306	35578901.13	51292.27644	4061.40135	48308.92853	965.86352	19.61296	637.87933	2209903.823	19071.92241	49	III
id_129	1	74.25748	7908.2818	2806594.315	2065.80326	7715.85396	63924.56513	9361.79143	32.83087	273.16216	41107.61767	10747.70171	92	benign
id_129	2	68.09478	6795.02047	3222859.999	2022.93688	6427.84203	60635.17977	10219.98518	34.40679	216.32373	37673.34292	13527.42176	92	benign
id_129	3	61.53378	7009.02444	3752309.942	2255.15862	6639.07856	55810.85505	9865.49075	37.46289	234.20795	40129.35121	13417.72285	92	benign
id_130	1	88.63235	3178.99963	1224499.555	1031.97458	8726.02429	66382.82252	3203.58193	15.71546	143.55968	274008.0124	7676.16358	45	benign
id_130	2	86.82694	2507.20259	1441213.02	948.59644	7279.26268	59060.33524	3483.57734	18.71323	116.18859	228337.047	9062.23494	45	benign
id_130	3	72.28522	2467.63856	1637883.271	1031.46681	6701.42613	47715.14975	2929.82756	15.03967	117.58269	239601.1556	10643.6942	45	benign
id_131	1	84.06838	5059.75613	1679559.731	1055.98192	6840.80941	46782.19323	5298.50831	30.09446	148.33419	50318.87575	12538.06621	94	benign
id_131	2	58.65412	3869.11794	1330323.504	871.19708	5408.4094	36739.36048	4952.56047	26.95754	134.62405	36281.8434	10758.78874	94	benign
id_131	3	79.27525	4094.23797	1928711.396	914.61774	5677.79476	41019.80317	5522.30119	29.55729	150.2199	42781.29112	11145.19426	94	benign
id_132	1	45.43433	3399.1349	907215.9382	1320.08669	7340.57702	46572.98758	4676.52219	25.85847	181.70394	26837.8766	15473.96444	51	I
id_132	2	28.11798	2899.383	738989.5176	1089.76708	6037.99283	36089.47201	4034.83933	21.45442	163.60697	17342.56169	15790.69707	51	I
id_132	3	44.55344	3368.19854	1191840.969	1246.42831	6829.489	42971.4862	4852.571	25.60307	191.12177	25585.43702	14645.83533	51	I
id_133	1	157.32013	2872.34377	539390.6758	988.02938	6575.6233	88789.18756	5063.92054	7.24137	126.06266	96351.72489	9086.75955	34	benign
id_133	2	121.67483	2373.02524	502166.7262	891.69991	6346.35054	77837.76348	4605.05121	6.29315	104.57415	76596.15727	9621.7278	34	benign
id_133	3	138.04399	2340.60017	639979.7702	865.45244	6536.6079	64354.01398	4254.73571	7.03251	118.01704	80687.64437	7801.50155	34	benign
id_134	1	92.45204	96506.66825	> ULOQ	40586.84163	6198.72874	137624.3218	5191.99426	26.46267	1335.78843	1051904.575	34076.56888	77	III
id_134	2	93.20732	85932.48383	> ULOQ	52368.25114	5062.3497	125138.4158	4872.05435	32.07689	1245.49427	973174.8925	49088.66375	77	III
id_134	3	76.93498	76648.95371	> ULOQ	48072.11802	4776.02392	110589.3442	4564.56818	28.82905	1235.66215	1018337.204	52481.24755	77	III
id_135	1	61.46044	44079.96069	11181397.46	11425.92375	6520.07628	75592.46189	1766.60225	22.7257	353.61967	> ULOQ	28835.60943	61	III
id_135	2	46.33898	38114.25502	9689763.427	9630.98374	6005.23078	59114.31161	1426.17834	19.03416	308.42328	1703899.779	28571.1889	61	III
id_135	3	64.87462	37756.76694	12311866.32	10136.88399	5866.66931	60225.83752	1500.70524	18.78813	342.82208	2094705.595	26583.13381	61	III
id_136	1	122.37694	4530.18225	1476755.628	1032.08613	5916.38634	17279.92336	6789.01533	13.08241	172.3572	20240.0566	14726.61924	74	benign
id_136	2	88.23703	4164.66692	1443370.948	1045.40203	6243.99102	19021.83054	7778.4418	14.96337	178.75211	16198.69222	17125.76912	74	benign
id_136	3	113.02574	4445.62359	2039643.764	1049.05562	6462.81513	18884.5386	8058.091	15.44401	195.59303	21184.74578	14580.49199	74	benign
id_137	1	703.49839	1793.36316	1325025.014	1326.45335	6160.31994	31797.62642	3906.55373	11.06182	158.21129	23524.92337	12931.92972	36	borderline
id_137	2	816.59321	1900.39058	1647640.933	1519.15841	5808.26634	34294.8707	4956.08742	13.66737	150.58011	26777.30108	19808.86936	36	borderline
id_137	3	670.64717	1443.25252	1697212.501	1185.14558	4825.94947	25862.00174	4137.04477	11.77585	125.38212	20472.23876	19566.75991	36	borderline
id_138	1	442.73712	2135.77001	778035.2447	915.23366	6200.45642	30873.54929	776.50086	13.42281	168.61853	27187.19537	11043.83938	46	benign
id_138	2	461.98982	2262.75217	794874.4068	955.9328	6115.01059	30925.37563	662.63317	11.81053	188.17272	29802.30298	9478.67614	46	benign
id_139	1	131.13731	18600.35402	3582943.35	14536.24219	7264.64565	102576.576	1026.91449	36.72996	194.17873	> ULOQ	17711.94082	75	III
id_139	2	119.56603	15230.58838	3547495.744	13957.33261	6037.24416	88191.76229	1096.61837	39.5314	163.1019	> ULOQ	26311.26445	75	III
id_139	3	111.17191	13379.11757	3423369.734	13055.9132	5607.6376	74335.24624	1015.53631	35.19921	157.66773	> ULOQ	26048.64112	75	III
id_140	1	103.52621	2117.19463	1462228.372	1072.61482	6949.79568	71953.96167	4649.57812	23.27616	205.57435	261864.4035	10001.64581	56	benign
id_140	2	95.0852	1533.74007	1374993.606	944.32686	5709.02149	62136.24791	4569.10484	21.25503	159.83277	221359.1899	11994.89325	56	benign
id_140	3	82.67182	1595.63486	1336407.283	900.34903	5240.34853	52780.18377	4792.39518	17.27579	141.27861	209435.851	13794.17846	56	benign
id_141	1	71.04198	34986.14969	3665754.278	6013.9044	5257.41896	50716.62434	951.57149	11.27115	152.8766	566214.3056	19149.47353	53	III
id_141	2	81.17154	43483.15068	4126018.625	6990.95072	6093.22811	54800.51257	971.09199	10.57013	172.38248	607058.2982	21032.76406	53	III
id_142	1	154.22089	28054.85492	18839902.23	4498.042	3926.36426	52494.99763	1754.32063	33.658	806.54452	1646984.01	41093.57393	40	III
id_142	2	155.69251	31233.64838	21975629.93	4700.57108	4009.89509	51905.44371	1997.0887	28.23829	744.32842	1542446.364	31792.26907	40	III
id_142	3	153.39367	36309.98756	25170245.59	4922.62966	4205.73922	48082.20363	2441.84766	24.37377	732.10151	1766730.955	42535.88586	40	III
id_143	1	91.08458	8048.76161	12433002.46	3468.62938	4820.8052	74292.78504	3953.5413	37.10265	503.56514	511612.9353	33828.04174	55	II
id_143	2	88.25056	8029.39852	13611102.36	3384.32388	4882.13934	75359.26063	4797.11139	35.48087	499.5206	484484.5243	21923.85197	55	II
id_143	3	85.185	8480.79419	12821048.8	3418.49758	5047.9621	62058.6306	4805.10451	29.5435	465.64563	499460.7925	27191.97924	55	II
id_144	1	82.586	2243.32838	616639.8559	954.42732	4892.01719	41142.18396	6776.07457	36.57766	164.70211	60894.28874	8026.49898	57	benign
id_144	2	73.43194	2140.36977	623975.1739	878.7155	4830.47949	33346.91464	7028.82504	33.22584	150.81195	51842.1433	8978.99259	57	benign
id_144	3	72.93945	1981.85185	671987.6454	828.53015	4556.59267	30083.70797	7185.59295	29.7383	149.40702	52286.88555	9236.51798	57	benign
id_145	1	81.08388	2822.85502	724453.851	836.24303	6992.26388	47657.50783	1202.51882	11.88928	200.2816	22211.1881	8835.83467	43	benign
id_145	2	83.98514	2784.07907	811720.8126	834.51976	6513.50762	45827.79978	1137.73976	12.65775	187.18441	22368.85888	12352.2083	43	benign
id_145	3	72.58371	2383.23683	913794.751	817.32922	6261.45238	38697.44882	1284.15477	12.87096	180.80709	20607.60996	12228.55764	43	benign
id_146	1	74.8918	74869.82619	10564459.98	13073.3136	4650.16851	49160.39074	4905.94889	16.4771	408.64945	771144.7853	17115.81827	68	III
id_146	2	73.62512	76819.16041	11880291.68	15474.5417	4197.31675	46448.37203	5565.03578	16.16019	373.18769	771201.2941	19774.64919	68	III
id_146	3	63.35841	65918.15447	10648543.88	13019.40592	3681.42441	36623.41332	5163.95382	14.58727	349.93052	675477.3707	18681.0296	68	III
id_147	1	24.95651	9883.08048	19894852.93	1342.23618	4703.07064	51066.35963	10885.48196	21.68542	753.50782	> ULOQ	24542.33049	65	III
id_147	2	25.78577	10048.83498	19646457.47	1411.95467	5167.93706	54016.7472	10915.64677	24.79096	820.55678	> ULOQ	33634.96043	65	III
id_148	1	136.23103	7300.38814	2831472.454	1974.78173	4944.07248	107306.1188	3463.53198	23.71284	272.64694	667170.9949	11722.78258	73	III
id_148	2	129.92829	6772.20921	2672893.343	1841.39927	4153.06486	92989.54372	3520.19228	20.99627	206.50365	544416.2267	15266.58651	73	III
id_148	3	125.712	6508.98513	2917324.823	1920.9599	4629.6025	88191.76229	4212.27766	24.52163	244.53346	712943.2911	12270.26515	73	III
id_149	1	285.79916	5837.15984	7404583.667	862.22907	6412.50713	225601.6587	7010.72898	30.73484	194.60879	102518.697	8325.05816	27	borderline
id_149	2	305.66317	5349.43065	8679632.371	846.64778	5567.92704	220038.4364	9251.35899	32.84371	178.6722	92967.74311	11361.92665	27	borderline
id_149	3	237.7728	5037.92638	7564851.298	791.53762	5145.99308	171494.4911	7214.17397	28.77781	166.84159	85882.9469	10723.5886	27	borderline
id_150	1	NA	NA	NA	NA	NA	NA	NA	NA	NA	NA	NA	71	II
id_150	2	105.69344	27356.11221	4003598.317	4358.09648	4527.78959	55453.38105	923.75886	9.07984	479.04455	> ULOQ	29495.6028	71	II
id_151	1	77.15031	4832.34201	2070732.017	1166.96175	7801.72253	27315.91964	5418.24237	29.67739	216.19699	73637.90489	15101.1647	84	borderline
id_151	2	68.03383	4208.84119	1688225.764	1060.19539	6426.09412	24514.4834	4052.31023	27.10118	203.73238	65353.90062	13865.52707	84	borderline
id_152	1	49.81482	3765.21561	2841244.895	1037.95891	4355.0704	20919.00289	13839.89472	29.01228	143.37233	9403.43309	16810.79418	66	benign
id_152	2	61.47594	4394.20916	3438037.866	1369.14964	5652.41394	27766.49546	17459.15316	34.06655	166.24227	12071.63984	18998.29451	66	benign
id_153	1	48.41659	75460.27739	11377300.54	13667.66111	5644.4605	45354.54528	5339.9926	19.93793	297.06365	> ULOQ	31719.58011	72	IV
id_153	2	55.91956	95102.23605	13798643.4	17996.58652	7439.17428	57743.95779	7155.05177	25.36517	372.00155	> ULOQ	42017.55251	72	IV
id_154	1	40.90792	7078.45951	3356361.807	2539.28081	8254.99143	77812.89567	13136.72437	23.70791	190.68155	39920.8206	44946.88238	65	benign
id_154	2	26.06754	5411.05506	2695579.031	1879.74418	6876.23452	55921.01876	11019.916	17.45117	156.42081	28977.51832	33963.26285	65	benign
id_154	3	45.04309	6419.46824	3624067.988	2333.41967	7465.26566	62466.32309	13453.62719	20.48559	179.52507	37743.63949	40029.57491	65	benign
id_155	1	179.39447	1200.65998	595156.4841	829.54426	4626.3334	30133.91662	4269.80685	10.33593	147.07971	11133.88875	9142.37137	53	benign
id_155	2	209.23703	1506.77032	616137.4482	921.57463	5415.33585	34667.31643	5147.17042	11.79884	159.72282	13522.93438	10961.42683	53	benign
id_156	1	149.71295	3306.28371	784155.6045	1062.45222	6479.56874	54448.713	11880.11384	41.36543	199.63538	152996.7464	19219.83403	41	benign
id_156	2	165.55759	3503.02298	845732.0191	1159.86018	6353.39223	54140.3045	13151.59717	39.30862	208.31234	155190.1153	19813.72897	41	benign
id_157	1	160.44912	5675.56849	1761710.072	1264.38778	5759.123	126401.4835	18660.09957	22.20762	179.983	21843.91265	20079.1475	61	benign
id_157	2	193.64854	6233.95349	1816029.218	1429.30943	6225.98712	134878.1318	20670.16167	25.34015	190.56971	23254.41969	23134.86702	61	benign
id_158	1	118.48341	5528.76262	4228132.204	1061.38434	7116.17038	54212.16938	4782.51671	27.16696	200.24953	25390.62573	12542.31661	64	II
id_158	2	90.84324	4376.9723	4155285.049	889.84234	6494.41036	43128.35973	4255.26099	22.12956	178.43047	19116.88388	15702.20141	64	II
id_158	3	131.31418	5475.40757	5316238.36	1024.35319	6831.91237	51811.72159	5002.37085	25.69992	217.94805	26956.83411	15595.01388	64	II
id_159	1	113.79562	4126.38725	1640282.795	1137.84313	5913.45415	47880.10118	4612.30122	17.47907	190.81631	38148.75344	13349.36159	76	borderline
id_159	2	92.03379	3404.44304	1490443.751	1045.80443	5211.30329	41591.89708	4335.29565	15.70694	181.84087	31167.42175	14827.66066	76	borderline
id_159	3	111.17259	3818.37207	1871020.443	1043.7383	5712.42484	39916.88149	4456.33008	15.48951	199.50508	36616.52557	10520.60552	76	borderline
id_160	1	32.18792	69094.63136	9526953.261	9584.46564	4591.58325	103191.207	3834.88873	21.06818	1842.96676	1924838.733	44738.69967	70	II
id_160	2	36.06584	75033.85901	10346086.19	10279.26604	5171.39885	114907.8495	4652.69455	23.5183	1887.34503	2072412.206	70320.2461	70	II
id_161	1	104.07671	89537.79606	5505291.111	820.59749	4040.6809	50735.8067	4128.2017	12.89529	101.67586	317307.6782	23930.75521	45	III
id_161	2	86.49092	90583.78694	5946489.139	915.72012	4439.48314	58897.15394	4883.86199	15.49246	102.54361	310566.7016	26286.19329	45	III
id_161	3	114.2985	112908.5942	8118573.636	1005.1321	4737.44744	62454.26294	5453.89304	16.60064	127.12219	403581.7427	27661.412	45	III
id_162	1	65.32383	2762.51843	1016681.639	1299.13625	7365.78758	51295.45727	5072.13066	8.48068	217.28702	13580.23736	13073.67196	60	benign
id_162	2	57.67159	2530.90451	942884.0497	1006.44747	6122.30463	33304.62385	4184.43287	6.1556	193.65279	12616.86646	12267.40289	60	benign
id_163	1	77.77947	29735.6706	5161809.446	1512.51057	3877.39683	72435.69701	3689.3535	20.65434	122.25828	1169138.652	39399.27363	54	III
id_163	2	81.52036	35971.17303	6323389.536	1846.16457	4564.55803	88920.81611	5031.72001	25.34319	140.03634	1278554.247	55296.16179	54	III
id_163	3	112.54633	37409.31746	8445529.615	2028.22576	4971.7524	90014.85477	6057.06322	25.37362	159.53511	1548976.484	48219.08566	54	III
id_164	1	72.41998	18062.57432	2850167.495	2439.77362	8570.99967	85516.44411	5428.89148	48.81257	752.87422	584597.5553	25690.3002	54	III
id_164	2	59.02107	14317.77496	2406228.018	1990.77538	7598.26876	65053.48036	4268.86529	40.40381	670.49057	434883.4017	24490.73709	54	III
id_164	3	71.13527	14142.10261	2975488.038	2018.51415	7493.69489	63058.21922	4847.68104	40.04298	650.99652	474439.0679	20816.7324	54	III
id_165	1	118.35409	10925.73265	2686419.038	1812.12732	6757.73194	75142.26325	8384.84301	44.6023	262.85846	> ULOQ	36467.02977	39	borderline
id_165	2	81.83499	7901.57709	2182603.607	1415.02629	5116.78173	51942.73	7120.65263	38.6348	216.67273	1778365.248	33213.10113	39	borderline
id_165	3	105.40931	8193.73667	2587410.51	1403.91876	5231.78018	48855.24371	7243.50171	32.75671	215.30021	1991132.193	31932.21304	39	borderline
id_166	1	88.22241	2648.22801	788737.6044	954.94176	5540.35135	23000.63689	6859.34417	10.79912	133.07552	29726.1693	11623.63543	52	IV
id_166	2	93.64482	2736.09325	704886.2326	909.02866	5074.33858	24785.52405	6616.00726	9.42401	133.5847	24313.27077	15195.40965	52	IV
id_167	1	56.4136	55671.5677	10462822.68	13224.95039	7524.04571	76874.79133	4888.41023	59.90946	285.60865	> ULOQ	86393.13649	72	IV
id_167	2	48.87119	50607.226	10161683.15	10957.20035	6663.26075	70212.10416	4369.20542	51.14943	244.38199	> ULOQ	83197.05979	72	IV
id_167	3	67.76019	57063.60276	13570054.07	12748.7951	7402.90669	72315.59092	5323.62793	55.5621	288.41757	> ULOQ	81876.08029	72	IV
id_168	1	117.05971	73156.02489	7232510.45	41391.36762	6176.9379	108295.5812	8251.76223	24.65152	703.79293	> ULOQ	22654.17715	67	IV
id_168	2	135.29225	68073.85748	7957886.828	46891.74444	6689.1217	95579.99968	8179.8532	24.7557	738.69521	> ULOQ	25246.97403	67	IV
id_169	1	106.89729	17191.68955	2560730.348	4915.58449	7742.67656	99967.58599	5056.04701	18.18283	284.94406	269217.6352	21800.00613	58	II
id_169	2	122.56363	16473.46587	2773282.13	5856.62905	6863.62384	115000.9819	4317.96918	18.77003	294.3794	323778.4775	19700.72681	58	II
id_170	1	304.48333	4011.66113	1256297.401	1333.22338	8213.77884	117844.1703	15030.13819	15.77209	252.00346	39128.6861	14024.1097	55	borderline
id_170	2	221.9196	3179.87287	1051436.738	1057.05851	7009.18469	84291.67521	13181.14742	12.71803	216.01412	28361.76769	14969.82576	55	borderline
id_170	3	279.94202	3641.82388	1356030.618	1163.04353	7237.81999	93947.03273	14266.18032	12.98607	254.26944	36187.03899	15131.50577	55	borderline
id_171	1	58.41881	3541.99695	2691673.202	1081.15292	8109.45655	28305.37956	4406.32139	22.9423	228.48865	26023.63608	14988.11367	65	I
id_171	2	44.18972	2469.74378	2197451.356	792.94761	5800.74914	19982.04862	3378.5331	16.50803	173.30053	17744.94573	15030.96558	65	I
id_171	3	53.11084	2665.2385	2694474.637	892.95404	5918.3283	20594.20099	4189.19345	19.06441	194.05327	21056.7197	13094.1968	65	I
id_172	1	127.56945	15149.79243	2033466.194	3678.84796	11216.38994	186080.4318	16161.95344	45.00867	258.3565	31541.83758	18034.93613	60	benign
id_172	2	90.42477	12084.66084	1635115.314	2931.29559	9386.42143	146663.5499	14404.51462	33.50159	191.85302	21462.9768	19832.5572	60	benign
id_172	3	112.28794	11745.21983	1980779.607	2871.86421	7936.21951	131027.458	14918.82952	35.42231	202.8101	24414.47846	15428.53854	60	benign
id_173	1	111.72255	2314.69347	1362615.887	1082.65046	6577.51309	25574.95376	8213.47109	9.66016	128.38089	17427.06207	12498.9965	71	benign
id_173	2	123.54195	2619.94138	1506944.691	1145.51892	7717.46978	25105.27098	8319.65685	10.60076	145.82582	20395.53185	12362.30458	71	benign
id_174	1	115.13502	10208.49849	2075115.019	2449.95907	6721.79181	70671.34169	9445.99149	26.34327	247.6527	46292.33992	16420.50092	75	benign
id_174	2	110.87594	10455.73618	2170061.734	2574.05237	7046.1981	65116.7476	9366.86949	24.93777	247.40028	52029.20362	15763.00651	75	benign
id_175	1	61.55391	11698.57433	2649582.702	1522.55623	6470.42119	175694.8483	5243.44129	16.12192	294.92056	428739.1614	27615.55036	76	I
id_175	2	77.48128	12009.75407	2933020.461	1677.64643	6717.82201	183808.4734	5313.27567	16.02871	320.48353	474314.2757	21234.3188	76	I
id_176	1	86.70816	2758.87945	795562.3512	1098.94229	7353.88386	48749.51825	5386.07324	11.48983	165.94065	52320.5179	15694.06232	32	borderline
id_176	2	74.1521	2217.15306	635662.9751	976.95998	6183.31562	39086.75023	3925.4156	10.98422	145.34339	46287.91718	11239.75922	32	borderline
id_177	1	27.62526	1370.02692	887579.7621	926.30053	6789.16391	22995.80455	2244.02868	7.77573	142.90064	4952.98421	11940.87769	51	benign
id_177	2	30.00155	1741.58816	1013559.257	1197.91074	8797.37669	31014.62862	2874.57313	9.59154	166.42331	6093.64111	13107.59039	51	benign
id_178	1	69.2734	5988.58202	2437764.09	1271.98649	5813.25548	36585.48506	4924.90479	13.67473	169.67751	33038.30159	13186.26036	75	I
id_178	2	67.03073	5745.46295	2557735.275	1275.67843	5800.411	36229.70783	4691.2407	13.23812	180.92528	31208.18866	14326.09789	75	I
id_179	1	31.61631	6674.73201	1322719.479	1719.22484	5234.71978	36805.19531	4193.46921	10.66296	147.15259	338075.1287	10990.93796	68	borderline
id_179	2	36.45756	7286.83852	1389231.884	1782.69264	5458.55575	37595.2925	4121.86748	10.52715	153.36608	330557.2131	13041.84572	68	borderline
id_180	1	106.51273	3221.67556	1480615.054	1124.76973	5326.38517	80251.2139	8271.48916	19.43765	211.92778	20375.38339	16520.66269	61	I
id_180	2	67.52851	2566.11125	1202662.372	923.92828	4497.26	57814.79953	7651.18878	17.14251	187.24927	13963.81413	18861.57488	61	I
id_180	3	96.10732	2502.99582	1697508.033	975.32231	5036.58267	61040.04018	7653.15521	18.63295	213.13119	19981.85852	13874.63998	61	I
id_181	1	131.23203	10850.95187	2864193.782	2892.5677	6004.44475	72715.02862	7198.42304	14.9044	267.92181	93600.73892	14602.58462	67	II
id_181	2	114.8068	9839.65053	2926155.657	2775.90022	6244.16995	67228.22994	7894.18647	13.64503	247.99789	89747.29934	18476.16661	67	II
id_181	3	117.38125	7844.0459	2845149.042	2403.35857	5168.16067	52975.32652	6223.28141	13.17346	240.98127	80138.41544	12234.40226	67	II
id_182	1	64.14218	8481.07989	2331132.62	2378.34905	9222.86751	107803.5935	44843.13478	18.58805	194.9476	15299.13471	16910.03645	71	benign
id_182	2	55.71121	7277.81965	2006726.983	1993.24286	7600.54588	91977.73586	43488.9204	14.99956	178.74614	7991.88714	17803.55202	71	benign
id_182	3	75.32884	7473.1396	2668517.213	2238.9727	8017.28054	94935.18383	46204.8573	17.03633	197.5539	9815.60553	14379.1025	71	benign
id_183	1	36.83725	18619.85176	13577344.01	921.49419	6057.967	32610.25827	5820.86332	15.85028	132.75171	204589.4141	9006.7191	64	III
id_183	2	39.32269	19816.28072	14682306.83	993.65931	7295.05211	36640.70913	6249.54372	17.2363	137.94844	211235.2347	10634.57331	64	III
id_184	1	46.30175	4513.96308	26077738.68	2485.25993	6363.75697	55080.82961	5532.33067	13.53416	275.02733	838979.0426	28665.8807	70	III
id_184	2	42.17929	4565.64745	24733831.38	2311.35776	6132.79076	48630.28502	5349.81412	11.25003	245.7374	728585.2245	28552.96881	70	III
id_184	3	54.24744	4339.67009	30782446.7	2420.3157	6138.45025	49203.12481	5205.51797	14.11588	268.09338	776464.054	29652.90779	70	III
id_185	1	399.21391	25594.22349	6973460.04	1950.12633	3894.78076	105655.6475	2603.84382	16.31546	410.05319	1051326.519	75503.38564	30	III
id_185	2	409.18314	29526.69408	6870357.306	2006.97573	4565.72798	110530.8685	2991.66097	16.87591	425.92668	1051655.698	79045.7542	30	III
id_186	1	37.39253	2497.88258	865296.3298	987.07098	5033.2567	147518.8587	3302.62438	46.58682	189.95087	22485.54546	10500.23801	54	benign
id_186	2	36.69435	2742.77254	954867.7993	957.58892	5216.22699	138207.3087	3435.73843	42.98713	187.96965	21991.62626	9969.03393	54	benign
id_187	1	53.35641	4370.14788	857782.7479	1447.03358	6269.30667	64034.53585	6636.01467	12.96075	137.68965	29324.53001	12432.29383	75	III
id_187	2	47.44545	3990.38319	826527.8563	1314.06493	5907.76704	53423.89373	6064.77743	12.95176	144.21883	26395.27083	13664.18121	75	III
id_188	1	49.98503	3449.38395	1375382.825	1468.88009	6627.8742	560995.5591	9056.19445	9.0309	162.18723	1845690.276	10428.42141	54	benign
id_188	2	46.62314	3487.15429	1292485.23	1476.04292	6742.47275	592911.3838	8927.1551	8.77432	160.41578	1556433.738	9653.68822	54	benign
id_189	1	53.58559	4396.60782	1635098.005	1117.27427	6941.25195	68814.44639	6334.32289	36.87595	186.53293	89399.52472	16308.87878	47	borderline
id_189	2	37.77834	3480.6261	1387778.757	876.19626	5494.7515	49433.66871	5308.08883	31.55479	156.42814	62785.63664	13283.19271	47	borderline
id_189	3	51.49478	3327.97841	1788167.21	883.82426	5568.08871	47364.80566	5546.4717	29.90361	153.0137	72066.76033	10243.88083	47	borderline
id_190	1	276.39842	31756.06687	28783683.54	2055.26052	5620.26507	570370.2726	5024.92303	27.24462	819.38189	> ULOQ	21839.79065	80	borderline
id_190	2	228.31718	28653.73403	26167139.31	1821.87548	4700.68704	530068.5155	5102.74185	25.08403	758.70178	1682708.791	19631.69604	80	borderline
id_190	3	279.94831	32079.67402	35527909.08	2114.77477	5358.60581	524487.0709	5441.6037	27.4846	825.2645	> ULOQ	21222.6659	80	borderline
id_191	1	67.35157	2599.89918	1413793.973	967.0131	7412.90974	33170.70488	10064.34478	16.91456	186.33156	9835.53874	14417.39101	61	benign
id_191	2	64.00964	2201.98613	1336664.912	916.61381	7256.75433	30546.37437	11209.5303	13.7622	182.26574	7396.96856	11803.64964	61	benign
id_191	3	74.33514	2051.30277	1582280.372	846.94358	6385.24447	25529.8111	9277.57708	13.36286	174.72738	7650.57882	11137.2763	61	benign
id_192	1	92.62661	6064.95172	2789512.907	1643.15659	7024.12319	77322.4913	10612.95477	19.15278	140.74853	117899.1942	14934.49811	60	benign
id_192	2	64.00575	4355.41293	2286732.067	1269.08968	5704.75065	53816.59214	8607.01132	14.76883	111.7047	85797.79689	12604.58854	60	benign
id_192	3	86.98423	4381.30349	2862205.269	1236.59488	5693.32359	51234.09534	9228.49619	14.14454	120.58004	94476.97118	10486.66596	60	benign
id_193	1	52.01982	19348.25337	20311013.74	2740.59399	4361.97439	85040.40268	3895.10207	25.20886	125.26328	> ULOQ	24446.37007	57	III
id_193	2	45.21336	18560.88751	17724795.44	2957.6938	4462.97979	85150.39483	3140.48412	24.56267	133.32495	> ULOQ	20281.70538	57	III
id_194	1	186.70433	7612.10459	3040476.943	2920.18665	7998.95931	116917.1214	13551.01695	42.70052	225.78176	90668.80592	20944.05223	75	benign
id_194	2	131.98576	5560.16503	2682273.513	2074.5595	6285.46096	84435.11213	10758.29416	34.15875	169.44552	57622.75436	17708.44885	75	benign
id_194	3	166.83792	6143.71338	3350108.448	2442.25094	6436.26003	83401.55601	12561.73817	41.63909	199.6886	72248.30343	18037.04946	75	benign
id_195	1	177.28953	3919.34574	957528.8263	1311.12163	7770.06407	39605.55162	7874.44308	16.35173	344.87044	29233.02567	14755.04255	58	benign
id_195	2	170.47517	3553.36534	957985.1949	1317.62282	8000.10159	42266.59417	8690.64658	18.23291	335.70418	25682.84907	18017.68475	58	benign
id_195	3	175.54575	3626.29335	1148176.144	1255.33671	7573.8159	35915.49359	8144.73892	15.80341	351.64755	26100.88239	12875.92626	58	benign
id_196	1	46.45215	3641.47504	1234484.089	1234.96165	7893.16085	61174.40205	9413.26699	16.40874	226.10085	44782.30083	11786.52385	70	benign
id_196	2	37.35494	2732.90807	1070744.053	1043.27361	7096.90281	44867.15464	8574.77277	12.99941	196.04975	31124.48517	11380.08928	70	benign
id_196	3	54.36058	3214.57819	1449230.401	1136.10519	6898.71674	48042.47781	8717.2674	13.91087	213.55467	41151.72647	8796.92102	70	benign
id_197	1	99.82303	2241.09343	570779.2625	1091.62422	6457.63667	> ULOQ	6976.42365	10.74145	240.90578	623373.29	12937.24139	43	benign
id_197	2	91.96675	2092.57436	535432.2921	1028.30582	5971.88213	> ULOQ	6205.63547	8.8665	231.50244	552784.4313	12718.99165	43	benign
id_198	1	96.69296	1866.92782	518728.487	1179.38202	5749.07952	27314.86517	6259.03306	13.43701	187.02596	36809.61498	11919.44439	71	benign
id_198	2	98.95279	1969.31573	559523.7988	1284.83786	5919.01967	27267.17477	6593.18624	12.03449	177.4916	39503.62761	15687.06408	71	benign
id_199	1	41.04042	23751.27183	3214504.916	2538.83555	4014.85246	43023.52623	3441.08496	33.42387	349.85781	> ULOQ	27564.16572	66	III
id_199	2	40.19549	22988.90131	3184910.355	2535.55817	4183.1029	44717.38483	3669.90703	34.92506	327.73358	> ULOQ	32222.92538	66	III
id_199	3	60.96358	26190.31986	4656959.342	3108.49472	4777.52956	51164.50012	4629.21957	39.44687	408.16521	> ULOQ	34063.53994	66	III
id_200	1	77.96929	32071.05395	5132226.828	8603.98003	6143.48095	108918.1539	1123.62219	16.58707	874.75381	180699.0764	33378.39419	52	IV
id_200	2	109.2639	38676.94608	6161088.379	11581.99577	7062.16353	136639.299	1634.11512	19.54441	1045.6924	244156.4528	43823.44457	52	IV
id_201	1	46.49081	11633.3435	1957062.061	1537.07726	5919.92518	46227.49227	12172.21009	21.57374	221.16712	417678.2267	23170.57286	74	III
id_201	2	47.8847	9005.40438	1602075.644	1281.12764	5071.82358	32007.77004	8171.6237	17.75915	192.03339	382346.8984	15263.28867	74	III
id_202	1	68.88773	33164.92241	10026377.62	11495.7005	4814.76942	107799.5471	1010.85199	20.99569	278.01066	966493.4089	21598.3956	59	III
id_202	2	67.45445	37594.50071	11034291.72	12134.28655	5962.12871	119003.7554	1320.76631	24.54313	310.65817	900150.524	29689.31396	59	III
id_203	1	51.14248	2024.9069	668356.5891	1281.74483	7418.77201	27957.17844	5600.44966	7.58679	232.6946	17710.98577	7463.56718	62	benign
id_203	2	52.4193	1386.68104	594294.1798	1115.49382	5763.89808	21402.76992	5083.0523	8.19223	187.96212	14823.62061	8595.54513	62	benign
id_203	3	41.81996	1631.34311	669285.5136	1076.03185	5093.64433	20088.11831	4752.34856	6.82287	175.23164	13789.64018	10867.58016	62	benign
id_204	1	133.41238	17599.59885	5073370.188	1959.11189	5449.08688	28257.48513	3412.1872	14.88149	461.31569	508100.5446	21352.20121	60	III
id_204	2	132.17556	18002.74015	5133183.187	2024.5061	5710.01456	29204.13446	3491.11298	13.89644	473.67855	503854.9259	27701.52667	60	III
id_205	1	106.71939	2805.80499	1135340.073	1514.56823	8050.1142	89178.83737	7906.99611	19.54347	269.84076	26909.73907	14512.20093	44	benign
id_205	2	89.08757	2569.02289	1065678.107	1403.91876	7470.22694	75406.17149	7798.48819	16.97068	249.12604	22611.19138	14000.52347	44	benign
id_205	3	110.63379	2704.11234	1330337.775	1442.12878	7537.66291	73587.22466	8246.24461	16.91987	267.42016	28269.18157	12326.07484	44	benign
id_206	1	100.35934	56087.17198	57935524.17	3335.42906	5784.77529	510895.5178	36096.24503	31.37271	264.27855	228767.6176	18853.70789	84	I
id_206	2	139.76537	62380.24993	56395323.98	3922.54667	6769.52213	519517.5776	34373.92026	35.24807	322.61116	277251.4646	18213.01812	84	I
id_207	1	30.958	2021.96783	1092390.763	819.13775	5729.34383	26343.08383	4522.8065	17.37361	123.71243	15041.37902	13893.21563	74	benign
id_207	2	28.82968	1813.93357	963803.6796	733.09084	4889.9142	21430.64082	3600.67433	14.11125	108.04194	12712.837	10708.65596	74	benign
id_208	1	77.50758	27662.40519	3745150.534	5597.13718	3521.29741	86326.57408	4390.69587	40.08622	1136.45335	> ULOQ	74444.31233	74	III
id_208	2	105.79964	43506.41378	4933291.772	8545.0716	5106.48438	137414.3938	7689.87959	60.87855	1533.17731	> ULOQ	> ULOQ	74	III
id_209	1	35.76399	1603.13225	921866.9983	703.00186	4245.35542	21796.98656	1784.75496	15.16773	133.66184	3133.53464	7830.67738	60	benign
id_209	2	55.52548	2277.73714	1243658.08	1012.45094	6034.02769	31750.40396	2893.94802	21.81047	189.10194	5714.66659	12234.75936	60	benign
id_210	1	62.49275	2886.61584	1880498.004	1145.89881	4473.76023	29560.83735	8872.1376	13.48241	155.22812	25670.98633	12747.47403	65	borderline
id_210	2	69.24481	3862.48426	2420312.707	1598.10676	5971.3128	44492.73567	12420.51467	18.27529	212.69997	34436.98576	19215.38949	65	borderline
id_211	1	49.06974	9025.93965	2467542.237	1896.84084	8232.34109	78495.09429	12564.39302	35.05211	204.74195	51760.0672	16850.51075	93	benign
id_211	2	36.24057	7193.21591	1941173.397	1535.45004	6581.67828	61239.39127	10739.97848	27.64047	179.51308	38203.05659	14105.50957	93	benign
id_211	3	48.39647	8008.06391	2576501.954	1805.35112	7591.11161	64695.99051	11298.31313	29.59131	215.40774	47867.37958	13307.14272	93	benign
id_212	1	148.29148	2516.97657	4177220.893	1731.76699	10190.34416	79381.50977	5260.75134	13.20695	352.73854	56097.34774	27710.01342	22	benign
id_212	2	124.41691	2006.94612	3664172.791	1458.36669	8627.82786	64913.65762	5022.63778	10.28003	288.87244	46291.70592	23167.25805	22	benign
id_212	3	144.10183	1951.22115	3868335.374	1302.72405	7401.30591	56342.6157	5280.64326	10.87021	285.52094	48600.18825	19026.39628	22	benign
id_213	1	34.731	100438.0257	11878127.82	22785.39269	6570.00366	101716.3492	3961.11122	30.3029	2445.56948	357375.7338	97360.87213	68	III
id_213	2	34.47908	85463.48781	10015296.92	16717.68387	5657.62902	80129.51818	3388.2211	28.82981	2171.53473	276536.9985	123800.7342	68	III
id_214	1	35.98162	4030.11044	1313999.361	978.83819	5928.0898	29927.40048	6779.276	6.38479	155.76765	13045.65542	12593.97705	67	III
id_214	2	47.65971	4118.72149	1384352.128	1016.00695	6112.86133	26794.89105	5766.79244	5.03068	160.78915	14096.37177	10835.80646	67	III
id_215	1	78.27665	2583.74569	1309188.828	807.60427	8120.58489	49148.80621	4109.38893	27.39998	193.32138	27339.06101	15730.81275	63	benign
id_215	2	79.55482	2731.17724	1349120.874	896.31827	7802.07422	47935.45951	4071.94507	25.59693	192.22676	28214.20708	16592.84177	63	benign
id_216	1	86.45938	11156.02879	5464826.322	3195.2659	3974.56321	114173.1657	4435.14599	14.23205	238.9634	225133.151	52435.48415	71	II
id_216	2	104.08189	14837.84824	5699813.537	4140.04885	4772.77972	131765.6589	4834.43341	14.50294	277.11799	278723.391	32582.15467	71	II
id_217	1	229.68271	3610.69213	716371.0287	784.89542	4950.28401	90394.95801	4980.5842	12.50462	170.73278	368027.2116	8633.68774	51	benign
id_217	2	276.28987	4620.70692	829637.6202	941.05157	5493.59817	106824.7997	5004.00677	12.57505	189.83698	478725.0252	7824.84998	51	benign
id_218	1	91.65892	2566.09479	3899033.008	1007.37782	4568.82044	56458.94663	4277.59623	21.64404	141.89428	80963.86114	12232.69174	55	I
id_218	2	89.86833	2812.20266	3729741.966	1048.85039	4647.21589	53464.91495	4577.36691	21.74367	144.45079	80001.81846	13790.34332	55	I
id_219	1	123.62516	1501.19088	405914.8037	610.72376	4851.24638	20207.17545	3827.81344	13.89256	199.57424	17829.10769	12192.47395	36	benign
id_219	2	153.14293	1921.43993	533275.3406	728.06072	6844.00003	27177.11863	5209.51243	15.55464	230.96174	20867.63221	13663.7771	36	benign
id_220	1	148.51759	11083.29265	2495737.211	1591.4142	5513.24449	62782.7464	5737.45598	20.10459	285.807	424324.5841	16862.64436	71	III
id_220	2	137.30282	10839.78945	2362694.358	1511.4784	5325.07962	55835.99334	5540.54381	19.81244	269.62663	373819.3038	16057.84122	71	III
id_221	1	88.25617	1766.02225	617245.3523	900.33055	6348.26126	62330.51892	6440.12692	12.28764	169.69787	15632.5708	13444.55722	23	benign
id_221	2	78.15288	1531.83025	536317.9334	795.68959	5916.38634	55821.49733	6731.87495	10.68674	153.55593	11774.36281	12662.68131	23	benign
id_221	3	112.00597	1812.19214	884275.2383	959.47412	7042.17561	68418.92869	8617.33644	14.2882	204.72016	18354.79242	13617.85828	23	benign
id_222	1	187.25701	5006.39932	2314254.899	1064.88673	10169.44704	58341.81791	4654.5845	16.64305	222.70759	408297.7472	31349.78682	38	borderline
id_222	2	175.86993	4863.73389	2099764.256	1057.19393	8845.57944	50168.02647	3849.12541	16.09682	223.66508	406576.2673	25089.22851	38	borderline
id_223	1	153.26689	23351.92874	8919959.985	2451.03919	5088.25987	490321.5974	4885.71162	24.80852	173.56549	282745.9644	32326.03047	87	II
id_223	2	180.41084	25386.3166	7871443.521	2665.30711	5468.0086	546911.9004	5232.13007	27.29101	195.79257	335830.7658	30398.99269	87	II
id_224	1	373.38377	3362.66835	722405.2284	779.7736	4567.0628	205736.2371	27231.01462	16.35322	100.25891	28024.43429	12605.61859	71	benign
id_224	2	418.15465	3680.78089	774465.5807	881.69323	4862.55469	235795.2477	24993.44067	16.29319	106.49586	28045.55495	12495.12449	71	benign